0
0.5
1
1.5
2
2.5
3
3.5
4
4.5
5
5.5
6
6.5
7
7.5
8
8.5
9
9.5
10
10.5
11
11.5
12
12.5
13
13.5
14
14.5
15
15.5
16
16.5
17
17.5
18
18.5
19
19.5
20
20.5
21
21.5
22
22.5
23
23.5
24
24.5
25
25.5
26
26.5
27
27.5
28
28.5
29
29.5
30
30.5
31
31.5
32
32.5
33
33.5
34
34.5
35
35.5
36
36.5
37
37.5
38
38.5
39
39.5
40
40.5
41
41.5
42
42.5
43
43.5
44
44.5
45
45.5
46
46.5
47
47.5
48
48.5
49
49.5
50
51.5
53
54.5
56
57.5
59
60.5
62
63.5
65
66.5
68
69.5
71
72.5
74
75.5
77
78.5
80
81.5
83
84.5
86
87.5
89
90.5
92
93.5
95
96.5
98
99.5
101
102.5
104
105.5
107
108.5
110
111.5
113
114.5
116
117.5
119
120.5
122
123.5
125
126.5
128
129.5
131
132.5
134
135.5
137
138.5
140
141.5
143
144.5
146
147.5
149
150.5
152
153.5
155
156.5
158
159.5
161
162.5
164
165.5
167
168.5
170
171.5
173
174.5
176
177.5
179
180.5
182
183.5
185
186.5
188
189.5
191
192.5
194
195.5
197
198.5
200
199
198
197
196
195
194
193
192
191
190
189
188
187
186
185
184
183
182
181
180
179
178
177
176
175
174
173
172
171
170
169
168
167
166
165
164
163
162
161
160
159
158
157
156
155
154
153
152
151
150
149
148
147
146
145
144
143
142
141
140
139
138
137
136
135
134
133
132
131
130
129
128
127
126
125
124
123
122
121
120
119
118
117
116
115
114
113
112
111
110
109
108
107
106
105
104
103
102
101
100
101
102
103
104
105
106
107
108
109
110
111
112
113
114
115
116
117
118
119
120
121
122
123
124
125
126
127
128
129
130
131
132
133
134
135
136
137
138
139
140
141
142
143
144
145
146
147
148
149
150
151
152
153
154
155
156
157
158
159
160
161
162
163
164
165
166
167
168
169
170
171
172
173
174
175
176
177
178
179
180
181
182
183
184
185
186
187
188
189
190
191
192
193
194
195
196
197
198
199
200
201
202
203
204
205
206
207
208
209
210
211
212
213
214
215
216
217
218
219
220
221
222
223
224
225
226
227
228
229
230
231
232
233
234
235
236
237
238
239
240
241
242
243
244
245
246
247
248
249
250
251
252
253
254
255
256
257
258
259
260
261
262
263
264
265
266
267
268
269
270
271
272
273
274
275
276
277
278
279
280
281
282
283
284
285
286
287
288
289
290
291
292
293
294
295
296
297
298
299
300
300
300
300
300
300
300
300
300
300
300
300
300
300
300
300
300
300
300
300
300
300
300
300
300
300
300
300
300
300
300
300
300
300
300
300
300
300
300
300
300
300
300
300
300
300
300
300
300
300
300
300
300
300
300
300
300
300
300
300
300
300
300
300
300
300
300
300
300
300
300
300
300
300
300
300
300
300
300
300
300
300
300
300
300
300
300
300
300
300
300
300
300
300
300
300
300
300
300
300
300
301
302
303
304
305
306
307
308
309
310
311
312
313
314
315
316
317
318
319
320
321
322
323
324
325
326
327
328
329
330
331
332
333
334
335
336
337
338
339
340
341
342
343
344
345
346
347
348
349
350
351
352
353
354
355
356
357
358
359
360
361
362
363
364
365
366
367
368
369
370
371
372
373
374
375
376
377
378
379
380
381
382
383
384
385
386
387
388
389
390
391
392
393
394
395
396
397
398
399
400
397
394
391
388
385
382
379
376
373
370
367
364
361
358
355
352
349
346
343
340
337
334
331
328
325
322
319
316
313
310
307
304
301
298
295
292
289
286
283
280
277
274
271
268
265
262
259
256
253
250
247
244
241
238
235
232
229
226
223
220
217
214
211
208
205
202
199
196
193
190
187
184
181
178
175
172
169
166
163
160
157
154
151
148
145
142
139
136
133
130
127
124
121
118
115
112
109
106
103
100
101
102
103
104
105
106
107
108
109
110
111
112
113
114
115
116
117
118
119
120
121
122
123
124
125
126
127
128
129
130
131
132
133
134
135
136
137
138
139
140
141
142
143
144
145
146
147
148
149
150
151
152
153
154
155
156
157
158
159
160
161
162
163
164
165
166
167
168
169
170
171
172
173
174
175
176
177
178
179
180
181
182
183
184
185
186
187
188
189
190
191
192
193
194
195
196
197
198
199
200
198.5
197
195.5
194
192.5
191
189.5
188
186.5
185
183.5
182
180.5
179
177.5
176
174.5
173
171.5
170
168.5
167
165.5
164
162.5
161
159.5
158
156.5
155
153.5
152
150.5
149
147.5
146
144.5
143
141.5
140
138.5
137
135.5
134
132.5
131
129.5
128
126.5
125
123.5
122
120.5
119
117.5
116
114.5
113
111.5
110
108.5
107
105.5
104
102.5
101
99.5
98
96.5
95
93.5
92
90.5
89
87.5
86
84.5
83
81.5
80
78.5
77
75.5
74
72.5
71
69.5
68
66.5
65
63.5
62
60.5
59
57.5
56
54.5
53
51.5
50