0.0
0.0
9.28191757496545e-06
2.7846308335818372e-05
5.569456111350643e-05
9.28288974353439e-05
0.00013925237067394385
0.0001949688648685643
0.0002599830932186252
0.0003343005962490824
0.0004179277396472794
0.000510871711770827
0.000613140520825997
0.0007247429917160454
0.0008456887625588194
0.0009759882808729282
0.0011156527994317018
0.0012646943717840873
0.0014231258474415782
0.0015909608667301956
0.0017682138553064917
0.0019549000183364707
0.0021510353343362695
0.0023566365486733768
0.002571721166727107
0.0027963074467069944
0.003030414392127706
0.003274061743939018
0.0035272699723093537
0.0037900602680613106
0.004062454533757567
0.004344475374435491
0.004636146087988746
0.004937490655194113
0.005248533729381711
0.005569300625746774
0.005899817310301054
0.006240110388461915
0.006590207093277122
0.006950135273283298
0.007319923379995978
0.007699600455029152
0.008089196116842175
0.008488740547111845
0.008898264476727489
0.009317799171406778
0.009747376416930064
0.010187028503990935
0.010636788212660689
0.011096688796464417
0.011566763966066358
0.012047047872562163
0.01253084236385672
0.013018145798179077
0.013508956453010881
0.014003272526381092
0.014501092138134981
0.015002413331177269
0.015507234072689304
0.016015552255320163
0.016527365698351552
0.0170426721488364
0.01756146928271107
0.018083754705881055
0.018609525955280082
0.019138780499902502
0.019671515741808924
0.020207729017104943
0.020747417596892945
0.021290578688196848
0.021837209434859724
0.022387306918414254
0.022940868158925876
0.023497890115808627
0.024058369688613565
0.024622303717789725
0.025189688985417534
0.025760522215914645
0.026334800076714106
0.026912519178914834
0.02749367607790433
0.028078267273953586
0.02866628921278412
0.029257738286107133
0.029852610832134703
0.030450903136063006
0.031052611430527496
0.031657731896030036
0.03226626066133793
0.0328781938038548
0.03349352734996337
0.034112257275339966
0.034734379505240866
0.035359889914760405
0.03598878432906078
0.0366210585235736
0.037256708224173124
0.03789572910732117
0.038538116800183674
0.03918386688071894
0.03983297487773747
0.04048543627093346
0.041143255097993395
0.04180641517397681
0.04247489999427307
0.043148692729054056
0.04382777621730915
0.044512132960463274
0.04520174511557881
0.04589659448814221
0.04659666252443626
0.047301930303498996
0.04801237852867033
0.0487279875187276
0.0494487371986111
0.05017460708974104
0.05090557629992722
0.05164162351287285
0.05238272697727399
0.053128864495516334
0.05388001341197087
0.054636150600890214
0.05539725245390746
0.05616329486713953
0.0569342532278969
0.05771010240100195
0.05849081671471807
0.05927636994629179
0.060066735307110465
0.060861885427477815
0.06166179234101015
0.06246642746865583
0.06327576160234086
0.0640897648882436
0.06490840680970165
0.06573165616975399
0.0665594810733219
0.06739184890903195
0.0682287263306848
0.06907007923837336
0.06991587275925434
0.07076607122797723
0.07162063816677479
0.07247953626521943
0.07334272735965007
0.0742101724122741
0.0750818314899492
0.07595766374265024
0.07683762738162639
0.07772167965725377
0.07860977683658933
0.07950187418063188
0.0803929753591928
0.08128305505466561
0.08217208763542055
0.08306004715031438
0.08394690732324385
0.08483264154774428
0.08571722288163466
0.08660062404171043
0.08748281739848554
0.08836377497098499
0.08924346842158949
0.0901218690509336
0.09099894779285882
0.09187467520942316
0.09274902148596892
0.09362195642624993
0.09449344944762014
0.09536346957628507
0.09623198544261777
0.09709896527654109
0.09796437690297782
0.09882818773737066
0.09969036478127354
0.10055087461801641
0.10140968340844514
0.10226675688673836
0.10312206035630342
0.10397555868575306
0.10482721630496505
0.10567699720122659
0.10652486491546564
0.10737078253857123
0.10821471270780465
0.10905661760330401
0.10989645894468397
0.110734197987733
0.11156979552121041
0.11240321186374533
0.11323440686083996
0.11406333988197939
0.11488996981785032
0.11571425507767115
0.11653615358663567
0.11735562278347303
0.11817261961812621
0.11898710054955167
0.11979902154364264
0.12060833807127865
0.12141500510650381
0.12221897712483659
0.12301415435655498
0.12380057058351848
0.1245782600456252
0.12534725743013114
0.1261075978610426
0.12685931688858196
0.12760245047872765
0.1283370350028282
0.12906310722729122
0.1297807043033475
0.1304898637568905
0.13119062347839167
0.1318830217128918
0.1325670970500689
0.13324288841438267
0.13391043505529585
0.13456977653757266
0.13522095273165474
0.13586400380411462
0.1364989702081868
0.13712589267437672
0.13774481220114793
0.1383557700456872
0.1389588077147481
0.1395539669555728
0.14014128974689213
0.1407208182900047
0.14129259499993388
0.14185666249666368
0.14241306359645328
0.14296184130322998
0.1435030388000607
0.14403669944070216
0.14456286674122934
0.14508158437174257
0.14559289614815277
0.14609684602404524
0.14659347808262133
0.1470828365287183
0.14756496568090727
0.1480399099636686
0.14850771389964526
0.14896842210197372
0.14942207926669182
0.14986873016522415
0.15030841963694413
0.15074119258181312
0.15116709395309572
0.15158616875015155
0.15199846201130326
0.15241105666874064
0.15282403120659552
0.15323746657434834
0.15365144613736056
0.15406605562684716
0.15448138308925594
0.1548975188350156
0.1553145553866115
0.15573258742594384
0.15615171174091869
0.15657202717121996
0.1569936345532057
0.15741663666386868
0.1578411381637986
0.15826724553907898
0.1586950670420491
0.1591247126308582
0.1595562939077353
0.15998992405589668
0.1604257177750083
0.160863791215119
0.16130426190897723
0.16174724870264123
0.16219287168429128
0.16264125211114872
0.1630925123344058
0.1635467757220676
0.1640041665796055
0.16446481006832056
0.16492883212131254
0.16539635935695005
0.16586751898973534
0.16634243873845683
0.16682124673152093
0.16730407140935463
0.16779104142377002
0.16828228553418104
0.16877793250056355
0.1692781109730495
0.16978294937804683
0.17029257580077745
0.1708071178641265
0.17132670260369792
0.17185145633897211
0.17238150454046458
0.17291697169278558
0.17345798115350414
0.1740046550077225
0.1745571139182701
0.1751154769714307
0.17568162823127018
0.17625550319948413
0.1768370367705759
0.1774261632624398
0.17802281644425808
0.178626929561705
0.17923843535945247
0.17985726610097413
0.18048335358564627
0.18111662916314558
0.1817570237451453
0.18240446781431308
0.18305889143061488
0.18372022423493078
0.18438839544999014
0.18506333387863422
0.1857449678994163
0.18643322545954957
0.1871280340652152
0.18782932076924297
0.1885370121561789
0.1892510343247546
0.18997131286777402
0.190697772849435
0.19143033878010285
0.1921689345885548
0.19291348359171515
0.19366390846190104
0.19442013119160095
0.19518207305580718
0.1959496545719264
0.1967227954572918
0.1975014145843019
0.19828542993321194
0.19907475854260492
0.19986931645756992
0.20066901867561673
0.20147377909035694
0.2022835104329823
0.20309812421157272
0.20391753064826765
0.2047416386143349
0.20557035556317343
0.20640358746128762
0.20724123871727101
0.2080832121088409
0.20892940870796484
0.20977972780412293
0.21063406682575117
0.21149232125991285
0.21235438457024686
0.2132202623446135
0.21408996045026762
0.2149634850337777
0.21584084252090796
0.21672203961646355
0.21760708330409903
0.21849598084608993
0.2193887397830676
0.22028536793371767
0.22118587339444157
0.22209026453898192
0.22299855001801117
0.22391073875868378
0.22482683996415218
0.2257468631130462
0.2266708179589163
0.22759871452964034
0.22853056312679396
0.22946637432498487
0.23040615897115077
0.23134992818382075
0.23229769335234063
0.23324946613606196
0.2342052584634944
0.23516508253142218
0.23612895080398366
0.23709687601171486
0.2380688711505564
0.2390449494808237
0.24002512452614105
0.24100941007233873
0.2419978201663135
0.24299036911485242
0.2439870714834199
0.24498794209490768
0.24599299602834807
0.24700224861758985
0.2480157154499374
0.24903341236475207
0.2500553554520168
0.25108156105086277
0.25211204574805884
0.25314682637646296
0.2541859200134362
0.25522934397921854
0.2562771158352666
0.25732925338255325
0.25838577465982904
0.2594466979418447
0.2605067371211254
0.2615659107530722
0.26262423734475465
0.26368173535305295
0.26473842318280705
0.2657943191849739
0.26684944165479113
0.26790380882994796
0.2689574388887631
0.2700103499483692
0.2710625600629037
0.27211408722170616
0.27316494934752195
0.2742151642947116
0.2752647498474665
0.27631372371803
0.2773621035449242
0.2784099068911826
0.2794571512425875
0.2805038540059128
0.2815500325071721
0.282595703989871
0.28364088561326517
0.2846855944506221
0.2857298474874879
0.2867736616199584
0.28781705365295385
0.2888600402984987
0.28990263817400486
0.29094486380055845
0.291986733601211
0.29302826389927367
0.29406947091661495
0.29511037077196234
0.2961509794792066
0.2971913129457092
0.29823138697061335
0.2992712172431572
0.30031081934099024
0.3013502087284925
0.3023894007550959
0.3034284106536086
0.30446725353854137
0.30550594440443646
0.30654449812419843
0.30758292944742743
0.30862125299875437
0.30965948327617776
0.31069763464940275
0.31173572135818195
0.31277014380777685
0.31380077500847126
0.31482749008734295
0.315850166191097
0.3168686823905767
0.3178829195870107
0.31889276042005127
0.3198980891776587
0.3208987917078832
0.3218947553325953
0.3228858687632137
0.3238720220184781
0.3248531063443131
0.3258290141358278
0.32679963886149527
0.327764874989553
0.328724617916667
0.32967876389889905
0.33062720998501594
0.3315698539521799
0.332506594244057
0.3334373299113799
0.33436196055500184
0.33528038627147505
0.3361925076011898
0.3370982254791064
0.3379974411881136
0.33889005631504565
0.33977597270938953
0.34065509244471365
0.34152731778284817
0.3423925511408469
0.3432506950607599
0.3441016521822458
0.34494532521805094
0.3457816169323833
0.34661043012220777
0.34743166760148847
0.3482452321884033
0.34905102669555527
0.34984895392320436
0.35063891665554237
0.3514208176600325
0.3521945596898355
0.3529600454893401
0.35371717780281986
0.3544658593862302
0.3552059930221652
0.35593748153798727
