0
2
4
6
8
10
12
14
16
18
20
22
24
26
28
30
32
34
36
38
40
42
44
46
48
50
52
54
56
58
60
62
64
66
68
70
72
74
76
78
80
82
84
86
88
90
92
94
96
98
100
101
102
103
104
105
106
107
108
109
110
111
112
113
114
115
116
117
118
119
120
121
122
123
124
125
126
127
128
129
130
131
132
133
134
135
136
137
138
139
140
141
142
143
144
145
146
147
148
149
150
152
154
156
158
160
162
164
166
168
170
172
174
176
178
180
182
184
186
188
190
192
194
196
198
200
202
204
206
208
210
212
214
216
218
220
222
224
226
228
230
232
234
236
238
240
242
244
246
248
250
250.5
251
251.5
252
252.5
253
253.5
254
254.5
255
255.5
256
256.5
257
257.5
258
258.5
259
259.5
260
260.5
261
261.5
262
262.5
263
263.5
264
264.5
265
265.5
266
266.5
267
267.5
268
268.5
269
269.5
270
270.5
271
271.5
272
272.5
273
273.5
274
274.5
275
273.1
271.2
269.3
267.4
265.5
263.6
261.7
259.8
257.9
256
254.1
252.2
250.3
248.4
246.5
244.6
242.7
240.8
238.9
237
235.1
233.2
231.3
229.4
227.5
225.6
223.7
221.8
219.9
218
216.1
214.2
212.3
210.4
208.5
206.6
204.7
202.8
200.9
199
197.1
195.2
193.3
191.4
189.5
187.6
185.7
183.8
181.9
180
178.4
176.8
175.2
173.6
172
170.4
168.8
167.2
165.6
164
162.4
160.8
159.2
157.6
156
154.4
152.8
151.2
149.6
148
146.4
144.8
143.2
141.6
140
138.4
136.8
135.2
133.6
132
130.4
128.8
127.2
125.6
124
122.4
120.8
119.2
117.6
116
114.4
112.8
111.2
109.6
108
106.4
104.8
103.2
101.6
100
103
106
109
112
115
118
121
124
127
130
133
136
139
142
145
148
151
154
157
160
163
166
169
172
175
178
181
184
187
190
193
196
199
202
205
208
211
214
217
220
223
226
229
232
235
238
241
244
247
250
251
252
253
254
255
256
257
258
259
260
261
262
263
264
265
266
267
268
269
270
271
272
273
274
275
276
277
278
279
280
281
282
283
284
285
286
287
288
289
290
291
292
293
294
295
296
297
298
299
300
299.5
299
298.5
298
297.5
297
296.5
296
295.5
295
294.5
294
293.5
293
292.5
292
291.5
291
290.5
290
289.5
289
288.5
288
287.5
287
286.5
286
285.5
285
284.5
284
283.5
283
282.5
282
281.5
281
280.5
280
279.5
279
278.5
278
277.5
277
276.5
276
275.5
275
275.5
276
276.5
277
277.5
278
278.5
279
279.5
280
280.5
281
281.5
282
282.5
283
283.5
284
284.5
285
285.5
286
286.5
287
287.5
288
288.5
289
289.5
290
290.5
291
291.5
292
292.5
293
293.5
294
294.5
295
295.5
296
296.5
297
297.5
298
298.5
299
299.5
300