0.0
0.0
5.730373961246384e-06
1.7190221870145123e-05
3.4377293571503586e-05
5.728798844537396e-05
8.591735488212158e-05
0.00012025908955600515
0.0001603055364976642
0.0002060476859660232
0.0002574751731202311
0.0003145762764923684
0.0003773379162617638
0.00044574565233187677
0.0005197836822108123
0.0005994348386966481
0.0006846805873688676
0.0007755010238873047
0.0008718748711001186
0.0009737794759624344
0.0010811908062673958
0.001194083447191494
0.0013124305976561497
0.001436204066507643
0.001565374268517603
0.0016999102202063798
0.0018397795354917507
0.001984948421165515
0.0021353816722006684
0.002291042666891948
0.0024518933618326772
0.002617894286730949
0.0027890045390683077
0.002965181778604219
0.0031463822217297367
0.0033325606356738903
0.0035236703325664627
0.003719663163360927
0.003920489511621459
0.004126098287178053
0.004336436919653912
0.0045514513518693945
0.004771086033126943
0.0049952839123815485
0.005223986431301423
0.005457133517223711
0.005694663576010167
0.005936513484807899
0.006182618584720392
0.00643291267339415
0.006687327997526464
0.006945795245299923
0.00720464130727072
0.007463862486013897
0.007723455319377781
0.00798341658085619
0.008243743279944859
0.008504432662482365
0.008765482210975804
0.009026889644911492
0.009288652921050944
0.009550770233712393
0.009813240015038086
0.010076060935247612
0.010339231902877506
0.010602752065007362
0.010866620807472686
0.011130837755064736
0.011395402771717548
0.011660315960682401
0.011925577664689907
0.012191188466099963
0.012457149187039763
0.012723460889530075
0.012990124875599985
0.013257142687390311
0.013524516107245857
0.01379224715779673
0.014060338102028858
0.014328791443343933
0.014597609925608915
0.014866796533195292
0.01513635449100825
0.015406287264505922
0.01567659855970884
0.015947292323199816
0.01621837274211429
0.016489844244121397
0.016761711497395835
0.017033979410580637
0.017306653132741063
0.017579738053309656
0.017853239802022622
0.018127164248847635
0.018401517503903186
0.018676305917369577
0.018951536079391665
0.019227214819973436
0.01950334920886452
0.019779946555438743
0.020057014408564767
0.020334560556468904
0.020613444580863158
0.020893702126662535
0.021175369996747267
0.02145848614923514
0.021743089694629184
0.02202922089283942
0.022316921150077107
0.02260623301561975
0.02289720017844487
0.023189867463730432
0.023484280829219478
0.02378048736144641
0.02407853527182211
0.024378473892574908
0.024680353672544137
0.024984226172822907
0.025290144062246403
0.025598161112721948
0.025908332194396703
0.026220713270658832
0.02653536139296763
0.026852334695508
0.027171692389664395
0.027493494758309204
0.027817803149900292
0.028144679972382295
0.02847418868688595
0.02880639380121969
0.029141360863147447
0.029479156453446377
0.029819848178738194
0.030163504664087404
0.03051019554535969
0.03085999146133347
0.031212964045557453
0.03156918591794679
0.031928730676110406
0.0322916728864017
0.03265808807468479
0.033028052716808164
0.03340164422877768
0.033778940956620276
0.03416002216593009
0.03454496803108799
0.03493385962414592
0.03532677890336674
0.03572380870141056
0.03612503271315811
0.03653053548316172
0.03694040239271422
0.03735243060092479
0.03776666083944067
0.038183133677870844
0.038601889519266984
0.03902296859552869
0.03944641096273172
0.03987225649637815
0.04030054488656713
0.040731315633085234
0.04116460804041516
0.041600461212661755
0.042038914048394105
0.042480005235402844
0.04292377324537137
0.04337025632846014
0.04381949250780289
0.04427151957391387
0.04472637507900504
0.04518409633121234
0.04564472038873014
0.04610828405385284
0.046574823866922896
0.04704437610018432
0.04751697675154087
0.047992661538218184
0.04847146589032898
0.048953424944340684
0.04943857353644475
0.04992694619582696
0.050418577137838164
0.05091350025706469
0.051411749120298
0.05191335695940293
0.052418356664084106
0.05292678077454996
0.05343866147407395
0.05395403058145268
0.05447291954336032
0.05499535942659926
0.05552138091024659
0.056051014277696085
0.056584289408595695
0.05712123577068019
0.057661882411498964
0.05820625795003884
0.05875439056824196
0.059306308002418685
0.05986203753455557
0.06042160598351863
0.06098503969615198
0.06154807808390939
0.06211063396387251
0.0626726208746315
0.06323395307594003
0.06379454554827062
0.06435431399227225
0.06491317482813141
0.06547104519483878
0.06602784294936245
0.06658348666573
0.06713789563402031
0.06769098985926728
0.06824269006027658
0.06879291766835727
0.06934159482596959
0.06988864438529083
0.07043398990670025
0.07097755565718511
0.07151926660866907
0.07205904843626436
0.07259682751644939
0.07313253092517324
0.0736660864358885
0.0741974225175137
0.07472646833232721
0.07525315373379365
0.07577740926432441
0.07629916615297373
0.07681835631307159
0.07733491233979503
0.07784876750767908
0.07835985576806871
0.07886811174651337
0.07937347074010513
0.079875868714762
0.08037524230245774
0.08087152879839941
0.08136466615815398
0.08185459299472529
0.08234124857558275
0.08282457281964291
0.08330450629420517
0.0837809902118431
0.08425396642725223
0.08472337743405596
0.08518916636157045
0.08565127697152995
0.08610965365477359
0.08656424142789494
0.08701498592985542
0.08746958782183753
0.08792796410039148
0.08839003139666259
0.08885570593617723
0.08932490349599646
0.089797539359286
0.09027352826735219
0.090752784369195
0.0912352211686297
0.09172075146903078
0.09220928731575219
0.09270073993628011
0.09319501967817502
0.0936920359448622
0.09419169712933065
0.09469391054580258
0.09519858235943715
0.0957056175141342
0.09621491965850555
0.09672639107008366
0.09723993257783986
0.0977554434830864
0.09827282147883935
0.09879196256772212
0.09931276097849172
0.09983510908127365
0.10035889730159349
0.10088401403329737
0.10141034555045633
0.10193777591835367
0.10246618690365783
0.10299545788388748
0.10352546575627956
0.10405608484617533
0.10458718681504406
0.10511864056826842
0.10565031216282088
0.10618206471496497
0.10671375830812083
0.10724524990103976
0.10777639323643794
0.10830703875024533
0.1088370334816316
0.10936622098397711
0.10989444123696321
0.11042153055996216
0.11094732152691422
0.11147164288288545
0.11199431946250714
0.11251517211050432
0.11303564176515275
0.11355573988785857
0.11407548151946481
0.11459488526574725
0.11511397328181062
0.1156327712554374
0.11615130838943837
0.1166696173830515
0.11718773441243292
0.11770569911028063
0.11822355454462902
0.1187413471968492
0.1192591269388873
0.11977694700976987
0.12029486399140277
0.12081293778368654
0.12133123157896904
0.12184981183585228
0.12236874825236815
0.12288811373853435
0.12340798438829897
0.12392843945087932
0.12444956130149748
0.12497143541151218
0.12549415031794373
0.1260177975923856
0.12654247180929382
0.1270682705136414
0.12759529418792367
0.12812364621849626
0.12865343286122483
0.1291847632064235
0.12971774914305545
0.13025250532216656
0.1307891491195203
0.13132780059739935
0.13186858246553648
0.132411620041135
0.132957041207936
0.13350497637428735
0.13405555843016645
0.13460892270310676
0.1351652069129751
0.13572455112554443
0.13628709770480496
0.13685299126395267
0.1374223786149939
0.13799540871690083
0.1385722326222511
0.1391530034222829
0.13973787619029404
0.14032684001863155
0.1409198837078237
0.1415169957667367
0.14211816441269953
0.14272337757159723
0.14333262287793225
0.14394588767485375
0.14456315901415503
0.145184423656239
0.14580966807005136
0.14643887843298192
0.14707204063073367
0.14770914025715962
0.14835016261406755
0.1489950927109927
0.14964391526493795
0.15029661470008204
0.15095317514745563
0.15161358044458503
0.1522778141351039
0.1529458594683328
0.15361769939882666
0.1542933165858902
0.15497269339306136
0.15565581188756272
0.1563426538397211
0.1570332007223553
0.15772743371013212
0.1584253336788907
0.15912688120493515
0.15983205656429586
0.16054083973195923
0.16125321038106624
0.16196914788207972
0.16268863130192054
0.16341163940307293
0.16413815064265888
0.16486814317148177
0.16560159483303966
0.16633848316250793
0.16707878538569185
0.1678224784179489
0.16856953886308118
0.16931994301219813
0.1700736668425496
0.17083068601632956
0.17159097587945044
0.1723545114602888
0.17312126746840178
0.17388738451317468
0.17465283691973899
0.17541759907617235
0.17618164543215614
0.1769449504976392
0.1777074888415078
0.17846923509026236
0.1792301639267005
0.17999025008860745
0.18074946836745354
0.18150779360709904
0.18226520070250654
0.18302166459846136
0.1837771602882999
0.18453166281264627
0.18528514725815734
0.18603758875627663
0.1867889624819969
0.187539243652632
0.18828840752659803
0.18903642940220383
0.18978328461645141
0.1905289485438463
0.19127339659521794
0.19201660421655042
0.19275854688782385
0.19349920012186642
0.19423853946321742
0.19497654048700144
0.19571317879781383
0.1964484300286179
0.19718226983965362
0.1979146739173586
0.19864561797330077
0.19937507774312388
0.20010302898550522
0.20082944748112616
0.20155430903165572
0.2022775894587472
0.202999264603048
0.2037193103232233
0.20443770249499302
0.2051544170101831
0.2058694297757905
0.20658271671306283
0.20729425375659213
0.20800401685342376
0.20871198196217963
0.2094181250521968
0.21012242210268142
0.21082240375114078
0.21151825481156336
0.2122101581792914
0.21289829476397223
0.21358284342423156
0.21426398090398482
0.2149418817703053
0.21561671835276852
0.21628866068419605
0.21695787644272313
0.21762453089511727
0.21828878684127717
0.2189508045598439
0.21961074175485867
0.2202687535034041
0.2209249922041681
0.22157960752687308
0.22223274636251455
0.22288455277435712
0.2235351679496378
0.22418473015192997
0.22483337467412354
0.22548123379198035
0.22612843671822638
0.2267751095571456
0.2274213752596428
0.22806735357874636
0.2287131610255247
0.22935891082539292
0.23000471287478996
0.23065067369820916
0.23129689640556855
0.2319434806499103
0.2325905225854222
0.23323811482577692
0.2338863464027884
0.234535302725388
0.235185065538926
0.23583571288480795
0.2364873190604781
0.2371399545797662
0.2377936861336166
0.23844857655122237
0.23910468476159094
0.2397620657555701
0.24042077054836777
0.24108084614260172
0.24174233549191876
0.24240527746522686
