0
3
6
9
12
15
18
21
24
27
30
33
36
39
42
45
48
51
54
57
60
63
66
69
72
75
78
81
84
87
90
93
96
99
102
105
108
111
114
117
120
123
126
129
132
135
138
141
144
147
150
150.5
151
151.5
152
152.5
153
153.5
154
154.5
155
155.5
156
156.5
157
157.5
158
158.5
159
159.5
160
160.5
161
161.5
162
162.5
163
163.5
164
164.5
165
165.5
166
166.5
167
167.5
168
168.5
169
169.5
170
170.5
171
171.5
172
172.5
173
173.5
174
174.5
175
175.5
176
176.5
177
177.5
178
178.5
179
179.5
180
180.5
181
181.5
182
182.5
183
183.5
184
184.5
185
185.5
186
186.5
187
187.5
188
188.5
189
189.5
190
190.5
191
191.5
192
192.5
193
193.5
194
194.5
195
195.5
196
196.5
197
197.5
198
198.5
199
199.5
200
199.5
199
198.5
198
197.5
197
196.5
196
195.5
195
194.5
194
193.5
193
192.5
192
191.5
191
190.5
190
189.5
189
188.5
188
187.5
187
186.5
186
185.5
185
184.5
184
183.5
183
182.5
182
181.5
181
180.5
180
179.5
179
178.5
178
177.5
177
176.5
176
175.5
175
173.5
172
170.5
169
167.5
166
164.5
163
161.5
160
158.5
157
155.5
154
152.5
151
149.5
148
146.5
145
143.5
142
140.5
139
137.5
136
134.5
133
131.5
130
128.5
127
125.5
124
122.5
121
119.5
118
116.5
115
113.5
112
110.5
109
107.5
106
104.5
103
101.5
100
103
106
109
112
115
118
121
124
127
130
133
136
139
142
145
148
151
154
157
160
163
166
169
172
175
178
181
184
187
190
193
196
199
202
205
208
211
214
217
220
223
226
229
232
235
238
241
244
247
250
249.5
249
248.5
248
247.5
247
246.5
246
245.5
245
244.5
244
243.5
243
242.5
242
241.5
241
240.5
240
239.5
239
238.5
238
237.5
237
236.5
236
235.5
235
234.5
234
233.5
233
232.5
232
231.5
231
230.5
230
229.5
229
228.5
228
227.5
227
226.5
226
225.5
225
226.5
228
229.5
231
232.5
234
235.5
237
238.5
240
241.5
243
244.5
246
247.5
249
250.5
252
253.5
255
256.5
258
259.5
261
262.5
264
265.5
267
268.5
270
271.5
273
274.5
276
277.5
279
280.5
282
283.5
285
286.5
288
289.5
291
292.5
294
295.5
297
298.5
300
300
300
300
300
300
300
300
300
300
300
300
300
300
300
300
300
300
300
300
300
300
300
300
300
300
300
300
300
300
300
300
300
300
300
300
300
300
300
300
300
300
300
300
300
300
300
300
300
300
300
297
294
291
288
285
282
279
276
273
270
267
264
261
258
255
252
249
246
243
240
237
234
231
228
225
222
219
216
213
210
207
204
201
198
195
192
189
186
183
180
177
174
171
168
165
162
159
156
153
150