0
3
6
9
12
15
18
21
24
27
30
33
36
39
42
45
48
51
54
57
60
63
66
69
72
75
78
81
84
87
90
93
96
99
102
105
108
111
114
117
120
123
126
129
132
135
138
141
144
147
150
153
156
159
162
165
168
171
174
177
180
183
186
189
192
195
198
201
204
207
210
213
216
219
222
225
228
231
234
237
240
243
246
249
252
255
258
261
264
267
270
273
276
279
282
285
288
291
294
297
300
300
300
300
300
300
300
300
300
300
300
300
300
300
300
300
300
300
300
300
300
300
300
300
300
300
300
300
300
300
300
300
300
300
300
300
300
300
300
300
300
300
300
300
300
300
300
300
300
300
300
299
298
297
296
295
294
293
292
291
290
289
288
287
286
285
284
283
282
281
280
279
278
277
276
275
274
273
272
271
270
269
268
267
266
265
264
263
262
261
260
259
258
257
256
255
254
253
252
251
250
249
248
247
246
245
244
243
242
241
240
239
238
237
236
235
234
233
232
231
230
229
228
227
226
225
224
223
222
221
220
219
218
217
216
215
214
213
212
211
210
209
208
207
206
205
204
203
202
201
200
200.5
201
201.5
202
202.5
203
203.5
204
204.5
205
205.5
206
206.5
207
207.5
208
208.5
209
209.5
210
210.5
211
211.5
212
212.5
213
213.5
214
214.5
215
215.5
216
216.5
217
217.5
218
218.5
219
219.5
220
220.5
221
221.5
222
222.5
223
223.5
224
224.5
225
224.5
224
223.5
223
222.5
222
221.5
221
220.5
220
219.5
219
218.5
218
217.5
217
216.5
216
215.5
215
214.5
214
213.5
213
212.5
212
211.5
211
210.5
210
209.5
209
208.5
208
207.5
207
206.5
206
205.5
205
204.5
204
203.5
203
202.5
202
201.5
201
200.5
200
200.5
201
201.5
202
202.5
203
203.5
204
204.5
205
205.5
206
206.5
207
207.5
208
208.5
209
209.5
210
210.5
211
211.5
212
212.5
213
213.5
214
214.5
215
215.5
216
216.5
217
217.5
218
218.5
219
219.5
220
220.5
221
221.5
222
222.5
223
223.5
224
224.5
225
225.5
226
226.5
227
227.5
228
228.5
229
229.5
230
230.5
231
231.5
232
232.5
233
233.5
234
234.5
235
235.5
236
236.5
237
237.5
238
238.5
239
239.5
240
240.5
241
241.5
242
242.5
243
243.5
244
244.5
245
245.5
246
246.5
247
247.5
248
248.5
249
249.5
250
251
252
253
254
255
256
257
258
259
260
261
262
263
264
265
266
267
268
269
270
271
272
273
274
275
276
277
278
279
280
281
282
283
284
285
286
287
288
289
290
291
292
293
294
295
296
297
298
299
300